1305031453.359684 0.0000000 0.0000000 0.0000000 0.0000000 0.0000000 0.0000000 1.0000000
1305031453.523684 0.0111734 0.0231852 -0.0243947 -0.0020331 0.0037332 0.0466282 0.9989033
1305031453.559753 0.0192797 0.0292654 -0.0406682 -0.0006488 0.0027275 0.0533805 0.9985703
1305031453.591640 0.0234950 0.0388921 -0.0578681 0.0025922 0.0035700 0.0579695 0.9983086
1305031453.659600 0.0272652 0.0542224 -0.0853037 0.0091866 0.0021631 0.0623304 0.9980109
1305031453.691678 0.0261050 0.0606050 -0.0989197 0.0130992 0.0019122 0.0583625 0.9982077
1305031453.727652 0.0247331 0.0682373 -0.1066689 0.0167494 0.0005091 0.0547271 0.9983608
1305031453.827773 0.0118608 0.0824904 -0.1410157 0.0264004 -0.0024423 0.0333878 0.9990907
1305031453.859705 0.0062979 0.0878773 -0.1421152 0.0293260 -0.0066339 0.0286402 0.9991375
1305031453.927723 -0.0042366 0.0914471 -0.1396655 0.0288535 -0.0224962 0.0206279 0.9991176
1305031453.959641 -0.0082955 0.0958911 -0.1408844 0.0311799 -0.0278564 0.0109575 0.9990655
1305031453.991624 -0.0150348 0.0936042 -0.1404108 0.0320748 -0.0310953 0.0004620 0.9990016
1305031454.027662 -0.0203333 0.0938726 -0.1410388 0.0353933 -0.0343964 -0.0089932 0.9987409
1305031454.059654 -0.0300588 0.0955099 -0.1350874 0.0393848 -0.0371026 -0.0196712 0.9983413
1305031454.127701 -0.0491925 0.0922807 -0.1319066 0.0461088 -0.0419781 -0.0441479 0.9970771
1305031454.159672 -0.0649830 0.0938782 -0.1077946 0.0509783 -0.0469581 -0.0532142 0.9961749
1305031454.191658 -0.0651837 0.0929924 -0.1233780 0.0520350 -0.0509478 -0.0684541 0.9949929
1305031454.227671 -0.0797677 0.0812060 -0.1105387 0.0544380 -0.0543901 -0.0849312 0.9934108
1305031454.259627 -0.0808101 0.0846078 -0.1117349 0.0624256 -0.0574706 -0.1009191 0.9912696
1305031454.291639 -0.0897690 0.0856110 -0.1090028 0.0643135 -0.0575603 -0.1108796 0.9900789
1305031454.327699 -0.0894800 0.0823144 -0.1126356 0.0667595 -0.0612779 -0.1238303 0.9881570
1305031454.427465 -0.1204821 0.0877810 -0.1024629 0.0856253 -0.0615751 -0.1691310 0.9799345
1305031454.459913 -0.1208735 0.0892052 -0.0997597 0.0914744 -0.0640068 -0.1842959 0.9765094
1305031454.527700 -0.1279261 0.0915582 -0.0957781 0.0995747 -0.0636532 -0.2134289 0.9697841
1305031454.591635 -0.1389670 0.0997548 -0.0896524 0.1066039 -0.0646147 -0.2422544 0.9621711
1305031454.627580 -0.1365136 0.1049994 -0.0926143 0.1096005 -0.0683031 -0.2535099 0.9586737
1305031454.659528 -0.1385887 0.1128341 -0.0929063 0.1111654 -0.0714786 -0.2626047 0.9558095
1305031454.691884 -0.1307109 0.1120955 -0.0985366 0.1062908 -0.0793286 -0.2662470 0.9547365
1305031454.791641 -0.1222277 0.1190508 -0.0977822 0.0971310 -0.0933061 -0.2620924 0.9555978
1305031454.959648 -0.1110236 0.1429452 -0.1064809 0.0767999 -0.0926035 -0.2265754 0.9665350
1305031455.027799 -0.1131627 0.1527647 -0.1105552 0.0725053 -0.0922516 -0.2174869 0.9689851
1305031455.127695 -0.1260695 0.1652685 -0.1081550 0.0722166 -0.0871740 -0.2124614 0.9705904
1305031455.459589 -0.1918953 0.2012270 -0.1145841 0.0258803 -0.0792384 -0.1339668 0.9874737
1305031455.527610 -0.2056846 0.2030820 -0.1259513 0.0137861 -0.0795797 -0.1109594 0.9905378
1305031455.591645 -0.2238272 0.2119971 -0.1309673 0.0068961 -0.0839971 -0.0858063 0.9927408
1305031456.127645 -0.2881823 0.1945516 -0.2707940 -0.0044089 -0.0511873 -0.0899177 0.9946232
1305031456.159731 -0.2930194 0.1899616 -0.2673747 -0.0051479 -0.0495891 -0.0889120 0.9947910
1305031456.191658 -0.2997493 0.1877506 -0.2666378 -0.0025543 -0.0453898 -0.0868827 0.9951807
1305031456.227678 -0.3026161 0.1906762 -0.2706556 -0.0007363 -0.0411015 -0.0840883 0.9956100
1305031456.391619 -0.3163540 0.1674883 -0.3041854 -0.0098559 -0.0195074 -0.0581075 0.9980711
1305031456.591651 -0.3790640 0.1735126 -0.2636137 -0.0189340 -0.0122799 -0.0205628 0.9995338
1305031456.627612 -0.3852456 0.1792217 -0.2599708 -0.0247843 -0.0113298 -0.0145027 0.9995234
1305031456.791649 -0.4448581 0.1607369 -0.2051047 -0.0453260 -0.0152688 0.0230040 0.9985906
1305031456.927690 -0.4754110 0.1608197 -0.1637429 -0.0537156 -0.0187234 0.0495700 0.9971494
1305031456.991709 -0.4885411 0.1608280 -0.1573290 -0.0610967 -0.0159706 0.0569588 0.9963773
1305031457.091655 -0.5088691 0.1638533 -0.1569332 -0.0697200 -0.0108618 0.0696857 0.9950704
1305031457.191735 -0.5201369 0.1646528 -0.1691232 -0.0749644 -0.0063743 0.0899714 0.9930986
1305031457.291656 -0.5320174 0.1610863 -0.1945043 -0.0785862 0.0010570 0.1084802 0.9909869
1305031457.391684 -0.5420961 0.1597205 -0.2235430 -0.0820336 0.0113310 0.1294866 0.9881170
1305031457.559685 -0.5605827 0.1541891 -0.2973174 -0.0850184 0.0197103 0.1543766 0.9841500
1305031457.759556 -0.5828981 0.1352156 -0.3626429 -0.0906348 0.0252599 0.1668749 0.9814785
1305031457.791567 -0.5839125 0.1261129 -0.3749604 -0.0893989 0.0279073 0.1668957 0.9815166
1305031457.891593 -0.5912690 0.1084001 -0.4001590 -0.0855548 0.0386239 0.1711927 0.9807556
1305031458.059689 -0.6310961 0.0934639 -0.4179672 -0.0705134 0.0499119 0.1890358 0.9781626
1305031458.159638 -0.6577452 0.0778406 -0.4130459 -0.0725884 0.0564912 0.1933995 0.9767990
1305031458.191646 -0.6734157 0.0785758 -0.4080055 -0.0720261 0.0576956 0.1970467 0.9760410
1305031458.259934 -0.6882744 0.0530657 -0.3889844 -0.0790109 0.0556875 0.1933733 0.9763519
1305031458.359590 -0.7167076 0.0305271 -0.3426727 -0.0730035 0.0503438 0.1997770 0.9758202
1305031458.391626 -0.7277421 0.0307418 -0.3268284 -0.0671424 0.0494588 0.2044172 0.9753252
1305031458.459637 -0.7435342 0.0280003 -0.2883544 -0.0590927 0.0507365 0.2185375 0.9727154
1305031458.559628 -0.7666617 0.0208258 -0.2260959 -0.0378031 0.0666226 0.2212531 0.9722034
1305031458.591641 -0.7787333 0.0142590 -0.2091949 -0.0327164 0.0730411 0.2156891 0.9731767
1305031458.659623 -0.8018720 0.0214955 -0.1902803 -0.0309369 0.0741382 0.2096593 0.9744688
1305031458.759945 -0.8254302 0.0082229 -0.1079383 -0.0229133 0.0604810 0.1828191 0.9810169
1305031458.759945 -0.8246295 0.0090519 -0.1066826 -0.0225927 0.0603146 0.1824237 0.9811082
1305031458.827564 -0.8261319 0.0080857 -0.0638250 -0.0222582 0.0468385 0.1748529 0.9832280
1305031458.927621 -0.8334991 0.0059277 -0.0322951 -0.0169378 0.0486771 0.1687265 0.9843145
1305031458.959617 -0.8357491 -0.0007755 -0.0331045 -0.0252144 0.0483072 0.1807691 0.9820148
1305031458.991647 -0.8422415 -0.0164957 -0.0233287 -0.0281008 0.0506641 0.1855632 0.9809229
1305031459.027665 -0.8548108 -0.0225352 -0.0159788 -0.0228468 0.0525599 0.1849889 0.9810681
1305031459.127618 -0.9038405 -0.0501131 0.0410991 -0.0114664 0.0344659 0.2045753 0.9781767
1305031459.191674 -0.9286587 -0.0622080 0.0793228 -0.0051045 0.0145903 0.2134335 0.9768353
1305031459.191674 -0.9282820 -0.0624685 0.0824191 -0.0050654 0.0141986 0.2139075 0.9767376
1305031459.259760 -0.9343584 -0.0631254 0.0930912 -0.0095094 0.0008590 0.2351646 0.9719087
1305031459.327632 -0.9427132 -0.0586903 0.0958210 -0.0171071 0.0100654 0.2568004 0.9662606
1305031459.359651 -0.9473941 -0.0541532 0.0882389 -0.0199869 0.0189355 0.2738921 0.9613662
1305031459.359651 -0.9480388 -0.0539512 0.0877796 -0.0197282 0.0195507 0.2730031 0.9616121
1305031459.391667 -0.9605643 -0.0366744 0.0861913 -0.0201972 0.0310897 0.2832175 0.9583389
1305031459.427646 -0.9528059 -0.0314378 0.0615420 -0.0363949 0.0354119 0.3167541 0.9471474
1305031459.459679 -0.9578288 -0.0251983 0.0205407 -0.0467835 0.0468648 0.3476752 0.9352738
1305031459.527594 -0.9844018 -0.0085083 -0.0675883 -0.0670146 0.0610031 0.3925238 0.9152665
1305031459.591695 -1.0045618 -0.0082651 -0.0607083 -0.0771254 0.0650260 0.4280573 0.8981037
1305031459.727551 -1.0226964 -0.0150458 -0.0765178 -0.0889432 0.0704246 0.4460399 0.8877938
1305031459.859660 -1.0563068 -0.0409606 -0.0915376 -0.0891695 0.0807039 0.4348075 0.8924562
1305031460.027565 -1.0789927 -0.0752891 -0.0834744 -0.0974321 0.0728017 0.4474167 0.8860165
1305031460.127690 -1.0910544 -0.1011387 -0.0686324 -0.0986378 0.0638067 0.4659231 0.8769920
1305031460.191559 -1.0985968 -0.1110772 -0.0665420 -0.0985878 0.0549599 0.4791229 0.8704603
1305031460.227761 -1.0990107 -0.1180049 -0.0475566 -0.0982510 0.0544928 0.4805096 0.8697631
1305031460.327512 -1.0978786 -0.1342947 -0.0454752 -0.0993650 0.0648395 0.4833238 0.8673642
1305031460.391611 -1.1006098 -0.1429781 -0.0498329 -0.1033364 0.0724004 0.4888234 0.8632100
1305031460.459620 -1.1050954 -0.1519947 -0.0633840 -0.1074404 0.0835055 0.4947036 0.8583425
1305031460.559647 -1.1094841 -0.1639704 -0.0797868 -0.1197556 0.0952406 0.5094976 0.8467585
1305031460.591855 -1.1127659 -0.1694840 -0.0823799 -0.1215348 0.1007879 0.5089275 0.8462055
1305031460.627625 -1.1128753 -0.1771646 -0.0862464 -0.1246819 0.1043486 0.5116436 0.8436745
1305031460.727675 -1.1221522 -0.1950362 -0.0810366 -0.1295172 0.1135719 0.5101557 0.8426552
1305031461.027620 -1.1307291 -0.2447160 -0.0527498 -0.1403117 0.1294418 0.5001836 0.8446146
1305031461.459781 -1.1199685 -0.2908053 0.0358597 -0.1392411 0.1420386 0.4731430 0.8582381
1305031461.559677 -1.1061296 -0.2909000 0.0465655 -0.1389641 0.1417412 0.4707970 0.8596212
1305031461.759684 -1.1001917 -0.2780624 0.0416525 -0.1450242 0.1531943 0.4773790 0.8529999
1305031461.859767 -1.1011657 -0.2593521 0.0334102 -0.1482157 0.1555024 0.4902578 0.8446884
1305031461.959703 -1.1042655 -0.2290832 0.0337843 -0.1514266 0.1507556 0.5102859 0.8330373
1305031461.991590 -1.1103548 -0.2191844 0.0223382 -0.1534082 0.1529379 0.5143892 0.8297468
1305031462.159646 -1.1167004 -0.1926571 0.0231867 -0.1654860 0.1324047 0.5520228 0.8064454
1305031462.227633 -1.1212080 -0.1835626 0.0182696 -0.1688474 0.1316183 0.5494266 0.8076494
1305031462.259765 -1.1240569 -0.1825761 0.0159327 -0.1721241 0.1320394 0.5463545 0.8089719
1305031462.291629 -1.1265267 -0.1794816 0.0130762 -0.1744631 0.1311620 0.5406973 0.8124073
1305031462.591862 -1.1527165 -0.1258849 0.0237723 -0.1766579 0.1125966 0.4674594 0.8588340
1305031462.627851 -1.1539754 -0.1190120 0.0202398 -0.1738371 0.1120467 0.4584919 0.8642982
1305031462.659660 -1.1543562 -0.1149864 0.0166721 -0.1718704 0.1128691 0.4485401 0.8697890
1305031462.759782 -1.1577297 -0.1020630 -0.0039815 -0.1656410 0.1103267 0.4177235 0.8865089
1305031462.791943 -1.1567426 -0.0998995 -0.0088685 -0.1665314 0.1090052 0.4107800 0.8897443
1305031462.891847 -1.1505780 -0.0866302 -0.0325982 -0.1695736 0.1046111 0.3967293 0.8960509
1305031462.927607 -1.1476014 -0.0809440 -0.0426516 -0.1695136 0.1038893 0.3950971 0.8968670
1305031462.959676 -1.1446366 -0.0761545 -0.0499905 -0.1689553 0.1023845 0.3933518 0.8979120
1305031463.295737 -1.0982401 -0.0144623 -0.1443133 -0.1399031 0.0954807 0.3329086 0.9276219
1305031463.359750 -1.0839417 -0.0077648 -0.1482574 -0.1377675 0.0905579 0.3297820 0.9295500
1305031463.559751 -1.0441818 0.0278557 -0.1794264 -0.1289122 0.0903242 0.3182961 0.9348320
1305031463.595600 -1.0365162 0.0322168 -0.1855136 -0.1291199 0.0884056 0.3179898 0.9350909
1305031463.659766 -1.0139453 0.0387441 -0.1943586 -0.1252281 0.0857841 0.3169993 0.9362000
1305031463.959680 -0.9166365 0.0515030 -0.2966536 -0.1061778 0.0924816 0.2615542 0.9548627
1305031464.027703 -0.8971655 0.0537669 -0.3160376 -0.1000368 0.0910236 0.2489483 0.9590266
1305031464.159817 -0.8677983 0.0417146 -0.3646029 -0.0925487 0.0945052 0.2260844 0.9650851
1305031464.195585 -0.8656228 0.0378578 -0.3681569 -0.0874134 0.0936701 0.2220645 0.9665776
1305031464.227624 -0.8635779 0.0427132 -0.3690671 -0.0800514 0.0899008 0.2214637 0.9677104
1305031464.327866 -0.8458796 0.0395936 -0.3597987 -0.0719776 0.0712236 0.2071747 0.9730493
1305031464.427634 -0.8167928 0.0438537 -0.3790562 -0.0610576 0.0662716 0.1847079 0.9786537
1305031464.459689 -0.8072727 0.0435910 -0.3878970 -0.0583036 0.0658637 0.1775263 0.9801770
1305031464.527574 -0.7874081 0.0464182 -0.4115752 -0.0535867 0.0664708 0.1642234 0.9827211
1305031464.595698 -0.7537608 0.0393316 -0.4433299 -0.0514263 0.0672966 0.1443741 0.9858918
1305031464.627672 -0.7437114 0.0404176 -0.4697649 -0.0455349 0.0746590 0.1368010 0.9867310
1305031464.695663 -0.7222434 0.0258150 -0.4987597 -0.0314201 0.0912284 0.1079219 0.9894660
1305031464.727652 -0.7275505 0.0286001 -0.5140110 -0.0188570 0.1002592 0.0929801 0.9904278
1305031464.759740 -0.7279323 0.0329982 -0.5183388 -0.0081093 0.1044230 0.0765095 0.9915525
1305031464.796021 -0.7279291 0.0258221 -0.5155511 -0.0020400 0.1059525 0.0619988 0.9924344
1305031464.827759 -0.7305978 0.0183989 -0.5062749 0.0047631 0.1040604 0.0488066 0.9933613
1305031464.859654 -0.7169603 0.0293466 -0.5152912 0.0118754 0.0963194 0.0377101 0.9945650
1305031464.895817 -0.7097946 0.0332504 -0.5021786 0.0167841 0.0912838 0.0187893 0.9955062
1305031464.927799 -0.6974774 0.0176308 -0.4928859 0.0180438 0.0875827 -0.0015102 0.9959927
1305031464.959763 -0.6911342 0.0108656 -0.4696247 0.0238293 0.0871236 -0.0182400 0.9957454
1305031464.995687 -0.6840157 0.0052074 -0.4584266 0.0307755 0.0893050 -0.0361993 0.9948704
1305031465.059749 -0.6907172 -0.0001771 -0.4230369 0.0444059 0.0951844 -0.0734599 0.9917518
1305031465.095700 -0.6786327 0.0108946 -0.4465620 0.0439856 0.0910223 -0.0829072 0.9914165
1305031465.127664 -0.6769085 0.0165190 -0.4256402 0.0407045 0.0873227 -0.0978492 0.9905269
1305031465.159842 -0.6729594 0.0089668 -0.4071455 0.0329965 0.0824239 -0.1070520 0.9902815
1305031465.195564 -0.6665956 0.0059018 -0.3884611 0.0276616 0.0769540 -0.1132575 0.9901947
1305031465.227907 -0.6641426 0.0136584 -0.3732216 0.0253557 0.0747087 -0.1205680 0.9895651
1305031465.259807 -0.6598591 0.0115588 -0.3488185 0.0193324 0.0690733 -0.1201244 0.9901643
1305031465.359948 -0.6486291 0.0234753 -0.3005467 0.0044457 0.0451912 -0.0903133 0.9948776
1305031465.460125 -0.6256138 0.0448521 -0.2545047 0.0035413 0.0189111 -0.0585770 0.9980975
1305031465.527622 -0.6054644 0.0534730 -0.2537018 -0.0010522 0.0074161 -0.0500781 0.9987172
1305031465.660060 -0.5719180 0.0861931 -0.2477298 0.0042524 -0.0087087 -0.0233485 0.9996804
1305031465.695668 -0.5577319 0.0941124 -0.2487318 0.0053228 -0.0143532 -0.0165961 0.9997451
1305031465.727682 -0.5487861 0.1031002 -0.2477004 0.0072212 -0.0170697 -0.0091521 0.9997863
1305031465.759766 -0.5352024 0.1159299 -0.2518933 0.0096188 -0.0214218 -0.0008503 0.9997239
1305031465.895494 -0.4796911 0.1592523 -0.2639901 0.0198000 -0.0295448 0.0164173 0.9992325
1305031465.927495 -0.4641727 0.1657249 -0.2730880 0.0210532 -0.0270922 0.0182193 0.9992451
1305031465.959710 -0.4507074 0.1777326 -0.2768162 0.0272079 -0.0240678 0.0180393 0.9991772
1305031466.027644 -0.4276052 0.2036240 -0.2943938 0.0354016 -0.0196294 0.0143989 0.9990766
1305031466.059757 -0.4145551 0.2195112 -0.3080955 0.0347238 -0.0194959 0.0160444 0.9990779
1305031466.127640 -0.3957517 0.2420886 -0.3265364 0.0306352 -0.0227951 0.0157605 0.9991464
1305031466.195833 -0.3789575 0.2623539 -0.3544321 0.0226318 -0.0293316 0.0192194 0.9991286
1305031466.395784 -0.2932019 0.3016959 -0.4542076 0.0240921 -0.0173256 -0.0196846 0.9993657
1305031466.427819 -0.2837427 0.3101107 -0.4689078 0.0285962 -0.0168719 -0.0237458 0.9991665
1305031466.560353 -0.2280125 0.3368128 -0.5084385 0.0267318 -0.0204755 -0.0297226 0.9989908
1305031466.695822 -0.1736147 0.3519324 -0.5453137 0.0270388 -0.0168669 -0.0475480 0.9983605
1305031466.728074 -0.1645097 0.3552483 -0.5467033 0.0274583 -0.0155776 -0.0577668 0.9978309
1305031466.795604 -0.1401228 0.3583557 -0.5555456 0.0344817 -0.0150196 -0.0692138 0.9968926
1305031466.827879 -0.1307808 0.3647299 -0.5589482 0.0347897 -0.0168534 -0.0722117 0.9966399
1305031467.295846 0.0023776 0.3717522 -0.6104905 0.0475605 -0.0491454 -0.1227245 0.9900815
1305031467.395756 0.0331838 0.3810592 -0.6188792 0.0477564 -0.0587618 -0.1316471 0.9884005
1305031467.527663 0.0709656 0.3879891 -0.6404670 0.0473367 -0.0668661 -0.1485623 0.9855036
1305031467.595989 0.0898543 0.3871877 -0.6465551 0.0469675 -0.0688431 -0.1493715 0.9852628
1305031467.796075 0.1174019 0.3655348 -0.6278890 0.0602419 -0.0774920 -0.1581717 0.9825211
1305031467.895947 0.1160259 0.3468748 -0.5950416 0.0674693 -0.0846591 -0.1569841 0.9816500
1305031468.059850 0.1083879 0.3031165 -0.5198152 0.0778930 -0.0929319 -0.1707930 0.9778170
1305031468.159864 0.1047748 0.2797347 -0.4817916 0.0809890 -0.0960454 -0.1764206 0.9762642
1305031468.459759 0.1165201 0.1860470 -0.4206780 0.0707866 -0.0959790 -0.1705341 0.9781081
1305031468.595768 0.1109662 0.1457647 -0.4111134 0.0777172 -0.0906316 -0.1890121 0.9746899
1305031468.795796 0.0823344 0.0826928 -0.3928930 0.0810287 -0.0975489 -0.2038632 0.9707514
1305031468.895873 0.0756185 0.0637787 -0.3851857 0.0891713 -0.0933374 -0.2167984 0.9676441
1305031468.928141 0.0716004 0.0606513 -0.3811550 0.0870845 -0.0910351 -0.2136798 0.9687465
1305031469.059832 0.0712953 0.0645642 -0.3879351 0.0670767 -0.0836696 -0.2182372 0.9699859
1305031469.127679 0.0749379 0.0564685 -0.3811133 0.0598841 -0.0794691 -0.2326182 0.9674644
1305031469.159703 0.0751681 0.0518794 -0.3782819 0.0562213 -0.0753414 -0.2368418 0.9669896
1305031469.195540 0.0735635 0.0443325 -0.3774659 0.0523932 -0.0703883 -0.2405116 0.9666719
1305031469.395695 0.0489065 0.0227475 -0.3350552 0.0410180 -0.0521667 -0.2562074 0.9643412
1305031469.527622 0.0167612 0.0271003 -0.3021216 0.0421676 -0.0320431 -0.2676427 0.9620616
1305031469.727679 -0.0193849 0.0394333 -0.2196499 0.0202252 -0.0289350 -0.2596710 0.9650517
1305031469.759599 -0.0258249 0.0408204 -0.2086689 0.0147649 -0.0280902 -0.2559859 0.9661595
1305031469.795621 -0.0353879 0.0475194 -0.1937070 0.0108521 -0.0278496 -0.2508813 0.9675563
1305031469.859574 -0.0512972 0.0547284 -0.1680937 0.0027967 -0.0306798 -0.2474976 0.9683986
1305031469.927854 -0.0689901 0.0665597 -0.1428288 -0.0025646 -0.0333391 -0.2417341 0.9697663
1305031469.959805 -0.0826874 0.0742870 -0.1290459 -0.0038088 -0.0337746 -0.2384166 0.9705680
1305031470.127633 -0.1262014 0.1018403 -0.0930154 -0.0123079 -0.0365689 -0.2332833 0.9716430
1305031470.196092 -0.1429543 0.1138742 -0.0839687 -0.0170035 -0.0386381 -0.2262401 0.9731564
1305031470.359624 -0.1837380 0.1377876 -0.0710451 -0.0371588 -0.0407887 -0.2113238 0.9758574
1305031470.427641 -0.2032670 0.1501879 -0.0640387 -0.0390191 -0.0409521 -0.2069970 0.9767050
1305031470.495686 -0.2191554 0.1570956 -0.0586274 -0.0388300 -0.0424949 -0.2074407 0.9765525
1305031470.695630 -0.2610060 0.1740592 -0.0487097 -0.0492403 -0.0440981 -0.1893702 0.9796783
1305031470.759682 -0.2718777 0.1744924 -0.0481857 -0.0526039 -0.0428565 -0.1870518 0.9800040
1305031470.795615 -0.2772540 0.1766372 -0.0457748 -0.0547155 -0.0417820 -0.1819712 0.9808909
1305031470.827831 -0.2843501 0.1779316 -0.0425352 -0.0549057 -0.0415642 -0.1765932 0.9818720
1305031471.027644 -0.3116421 0.1769910 -0.0422005 -0.0433798 -0.0474102 -0.1569108 0.9855199
1305031471.127663 -0.3220045 0.1756988 -0.0476879 -0.0381695 -0.0483793 -0.1391158 0.9883569
1305031471.195703 -0.3271173 0.1801191 -0.0490014 -0.0341296 -0.0488123 -0.1273356 0.9900698
1305031471.327642 -0.3368948 0.1801795 -0.0538549 -0.0356988 -0.0459270 -0.1116425 0.9920445
1305031471.427704 -0.3438828 0.1805300 -0.0659535 -0.0370972 -0.0372772 -0.0972235 0.9938721
1305031471.595702 -0.3482443 0.1814373 -0.0772979 -0.0428666 -0.0378447 -0.0796432 0.9951820
1305031471.795801 -0.3489331 0.1856453 -0.0984837 -0.0498114 -0.0282927 -0.0512396 0.9970421
1305031472.127594 -0.3691882 0.1976786 -0.1171963 -0.0768218 -0.0060167 -0.0107925 0.9969683
1305031472.263840 -0.3762860 0.1955530 -0.1138437 -0.0780931 -0.0053075 -0.0016202 0.9969306
1305031472.363577 -0.3778894 0.1968385 -0.1191231 -0.0737342 -0.0039312 0.0051717 0.9972568
1305031472.795640 -0.3707559 0.1799679 -0.1136974 -0.0668279 -0.0095148 0.0128594 0.9976363
1305031472.863598 -0.3714234 0.1777390 -0.1116725 -0.0652416 -0.0089162 0.0145184 0.9977241
1305031473.063684 -0.3724422 0.1746240 -0.1024584 -0.0671916 -0.0127245 0.0189822 0.9974784
