1305031102.175304 0.0000000 0.0000000 0.0000000 0.0000000 0.0000000 0.0000000 1.0000000
1305031104.411509 0.0059660 -0.0361344 0.0218453 -0.0148691 -0.0223440 -0.0148741 0.9995291
1305031104.611336 0.0149507 -0.0614358 -0.0329150 -0.0013344 -0.0240521 -0.0089260 0.9996700
1305031104.711277 0.0184943 -0.0636417 -0.0655295 0.0357432 -0.0013163 -0.0053002 0.9993461
1305031104.843258 0.0234053 -0.0523942 -0.0989738 0.0816059 0.0253487 0.0039795 0.9963343
1305031105.975329 -0.0029052 0.0231756 0.2941103 -0.0362408 0.0006742 0.0107020 0.9992856
1305031106.143355 -0.0077726 0.0436356 0.3525805 -0.0597887 0.0047957 0.0182081 0.9980335
1305031106.343258 -0.0140943 0.0652569 0.3944429 -0.0743379 -0.0027837 0.0279006 0.9968389
1305031106.511129 -0.0177247 0.0474865 0.3876972 -0.0931526 0.0031279 0.0085597 0.9956101
1305031107.975807 0.0421524 -0.0272312 0.0286472 -0.0017691 0.0163557 -0.0236246 0.9995856
1305031108.176058 0.1077798 -0.0150266 0.0468021 0.0114401 0.0465506 -0.0133519 0.9987612
1305031108.411361 0.1871102 -0.0062934 0.0744279 -0.0115878 0.0466811 -0.0005588 0.9988425
1305031108.611407 0.2776533 -0.0104096 0.0825583 -0.0129612 0.0596244 0.0149130 0.9980253
1305031108.843264 0.3288031 -0.0054877 0.0934290 -0.0217882 0.0910094 0.0391064 0.9948434
1305031109.211379 0.2579035 0.0140529 0.0729890 -0.0133635 0.0563295 0.0335206 0.9977599
1305031109.443302 0.1603505 0.0090812 0.0620537 -0.0323129 0.0136302 0.0318277 0.9988779
1305031110.343355 -0.1864428 0.0219981 0.0781668 -0.0746019 -0.0484958 -0.0299574 0.9955829
1305031110.579426 -0.2683761 0.0390402 0.0730315 -0.0835759 -0.0907869 -0.0584411 0.9906349
1305031111.179326 -0.2452645 0.0410311 0.0876884 -0.0915914 -0.0941507 -0.0684366 0.9889707
1305031111.479259 -0.1264508 0.0279327 0.0984569 -0.0793747 -0.0873637 -0.0578786 0.9913210
1305031111.843299 0.0349989 0.0153755 0.0948345 -0.0497898 0.0055206 -0.0126528 0.9986643
1305031112.679952 0.3365382 0.0039669 0.0986598 -0.0013194 0.0739193 0.0420046 0.9963784
1305031112.943321 0.3024984 0.0109301 0.1086684 -0.0263321 0.0752751 0.0485521 0.9956319
1305031113.211259 0.2181790 0.0030438 0.0929575 -0.0359755 0.0510684 0.0345219 0.9974498
1305031114.379320 -0.2848720 0.0145531 0.1053243 -0.0209440 -0.0517976 -0.0602159 0.9966205
1305031114.644136 -0.3517809 0.0122545 0.1086054 -0.0337853 -0.0796993 -0.0621109 0.9943082
1305031115.111230 -0.2837350 0.0310250 0.1260509 -0.0473402 -0.0899928 -0.0756121 0.9919390
1305031115.843224 0.0971871 0.0155173 0.1623082 -0.0612344 -0.0003412 0.0494027 0.9969000
1305031116.143441 0.2118979 0.0283868 0.1775967 -0.0790607 0.0707290 0.0887736 0.9903868
1305031116.411333 0.2770210 0.0354408 0.1801559 -0.0798238 0.1143576 0.1124329 0.9838238
1305031116.679281 0.2145087 0.0274423 0.1650499 -0.0776503 0.0995230 0.0889754 0.9880025
1305031116.912044 0.0843684 0.0311356 0.1553164 -0.0773128 0.0608807 0.0306897 0.9946730
1305031116.943296 0.0717759 0.0358875 0.1510548 -0.0765450 0.0451507 0.0231362 0.9957746
1305031117.943253 -0.0484587 -0.0866471 0.1876943 -0.0782686 -0.0529889 -0.0075975 0.9954941
1305031118.243173 -0.0569691 -0.1807141 0.2312058 -0.0757704 -0.0344667 -0.0130840 0.9964435
1305031119.579559 -0.0543874 0.1067367 0.1096421 -0.0536170 -0.0473137 -0.0217935 0.9972019
1305031119.911401 -0.0628415 0.2079433 0.0914567 -0.0770861 -0.0319619 -0.0040873 0.9965036
1305031121.647183 -0.0550128 -0.1845434 0.2262512 -0.0134329 -0.0489060 -0.0029768 0.9987086
1305031123.611335 -0.0582377 0.2734914 0.0939796 -0.1151513 -0.0206564 0.0067543 0.9931102
1305031124.282545 -0.0554643 0.2110747 0.1120998 -0.1062481 -0.0378228 0.0128449 0.9935370
1305031125.650575 -0.0646626 -0.1786702 0.2458593 -0.0289257 -0.0300307 -0.0201282 0.9989276
1305031125.979324 -0.0663297 -0.0934328 0.2053099 -0.0235993 -0.0580795 -0.0154985 0.9979126
