1305031102.175304 0.0000000 0.0000000 0.0000000 0.0000000 0.0000000 0.0000000 1.0000000
1305031103.375327 -0.1208853 -0.0409215 0.3567371 -0.0389858 -0.0178236 0.0076768 0.9990513
1305031105.011290 0.0316334 -0.0017421 -0.0524348 0.0392316 0.0106764 0.0128950 0.9990899
1305031105.043373 0.0282005 0.0018059 -0.0446814 0.0388941 0.0114413 0.0096807 0.9991310
1305031106.211275 -0.1078823 -0.0593572 0.3430914 -0.0410767 -0.0038949 0.0209959 0.9989278
1305031106.443278 -0.1131179 -0.0566424 0.3614745 -0.0487242 -0.0017774 0.0107397 0.9987530
1305031106.511129 -0.1131295 -0.0596368 0.3528009 -0.0491606 -0.0020365 0.0104677 0.9987339
1305031106.611151 -0.1065179 -0.0536381 0.3288110 -0.0425268 -0.0048054 0.0051427 0.9990705
1305031108.876515 0.1438376 -0.0210715 0.0717584 -0.0289384 0.0275686 0.0640558 0.9971457
1305031110.743249 -0.1788514 -0.0124293 0.1063290 -0.0290478 -0.0371069 -0.0662710 0.9966882
1305031110.843218 -0.1844839 -0.0108525 0.1073164 -0.0281655 -0.0376589 -0.0716317 0.9963219
1305031111.011431 -0.1739714 -0.0047964 0.1053966 -0.0255119 -0.0367958 -0.0759499 0.9961058
1305031112.711251 0.1432895 -0.0202286 0.0906902 -0.0211834 0.0238040 0.0622429 0.9975522
1305031112.943321 0.1309677 -0.0220350 0.0892139 -0.0346821 0.0189438 0.0635358 0.9971968
1305031112.979278 0.1291151 -0.0276509 0.0874192 -0.0363289 0.0170358 0.0585583 0.9974773
1305031114.343331 -0.1716981 -0.0208043 0.1174370 0.0055500 -0.0107947 -0.0564642 0.9983308
1305031114.479332 -0.1957012 -0.0277598 0.1297719 0.0061922 -0.0166643 -0.0654132 0.9976999
1305031115.043508 -0.1980796 -0.0243499 0.1468284 -0.0019345 -0.0285274 -0.0764147 0.9966661
1305031115.843224 -0.0000875 -0.0173953 0.1508902 -0.0407112 -0.0107887 0.0509411 0.9978132
1305031116.011379 0.0382094 -0.0165507 0.1544836 -0.0505564 -0.0053911 0.0821475 0.9953225
1305031116.379384 0.0958110 -0.0122309 0.1413430 -0.0715132 0.0235918 0.1200923 0.9899026
1305031116.511205 0.0970078 -0.0071202 0.1335096 -0.0724806 0.0228964 0.1343929 0.9880086
1305031116.543262 0.0893309 -0.0085965 0.1282076 -0.0710030 0.0274012 0.1302739 0.9885527
1305031116.643355 0.0669787 -0.0156432 0.1195504 -0.0675583 0.0291947 0.1109201 0.9911005
1305031116.846089 0.0245189 -0.0188195 0.1149605 -0.0537378 0.0268291 0.0534672 0.9967616
1305031117.043261 -0.0274169 -0.0087662 0.1214621 -0.0371424 0.0039786 0.0056098 0.9992863
1305031123.711323 -0.0680534 0.1048115 0.0903771 -0.0706894 -0.0044560 0.0089331 0.9974484
1305031123.783858 -0.0668865 0.1100081 0.0917368 -0.0725911 -0.0056249 0.0125931 0.9972664
1305031123.883786 -0.0674089 0.1114293 0.0943007 -0.0736763 -0.0071736 0.0162541 0.9971240
1305031123.983415 -0.0677603 0.1073553 0.0980993 -0.0733327 -0.0100758 0.0179946 0.9970943
1305031125.050763 -0.0825901 -0.0657349 0.1943585 -0.0130093 -0.0300939 -0.0116853 0.9993941
1305031125.151013 -0.0871204 -0.0843897 0.2094211 -0.0120601 -0.0309053 -0.0093858 0.9994055
1305031125.479424 -0.0972650 -0.1281228 0.2363364 -0.0084214 -0.0177543 -0.0190551 0.9996253
1305031125.611533 -0.0966600 -0.1329269 0.2329957 -0.0073197 -0.0103627 -0.0231904 0.9996505
1305031125.679328 -0.1001219 -0.1288007 0.2251668 -0.0035285 -0.0106201 -0.0207862 0.9997213
1305031125.847412 -0.0911545 -0.1103575 0.2139106 -0.0013641 -0.0149344 -0.0224166 0.9996362
1305031125.911305 -0.0891218 -0.0967293 0.1972630 -0.0026789 -0.0154976 -0.0229433 0.9996130
1305031126.047324 -0.0855354 -0.0717382 0.1929090 -0.0073437 -0.0267682 -0.0189857 0.9994344
1305031127.011371 -0.0599540 0.0464635 0.1275461 -0.0551971 -0.0169371 0.0082218 0.9982979
1305031127.111435 -0.0613605 0.0461399 0.1317869 -0.0551273 -0.0191108 0.0109071 0.9982368
1305031127.211700 -0.0624580 0.0442781 0.1369334 -0.0522592 -0.0223778 0.0095403 0.9983372
1305031127.711375 -0.0703289 0.0282591 0.1580321 -0.0443183 -0.0266447 0.0033909 0.9986563
1305031127.979371 -0.0728892 0.0241755 0.1612375 -0.0447865 -0.0276514 0.0013396 0.9986129
1305031128.411337 -0.0745316 0.0156219 0.1693410 -0.0466544 -0.0285771 0.0035555 0.9984959
1305031128.647352 -0.0764831 0.0142925 0.1676176 -0.0440923 -0.0271174 -0.0000645 0.9986594
